On ['../../datafiles/initialVs0.torch', '../../datafiles/initialVs1.torch', '../../datafiles/initialVs2.torch', '../../datafiles/initialVs3.torch']
k Values = [50000, 100000, 150000, 200000, 250000, 500000]

 CSVec: index accuracy = array([0.2899    , 0.17757   , 0.13645333, 0.11567   , 0.1027    ,
       0.07823   ])
CSVec: median L1 reconstruction error = array([6.46033058e-08, 5.86228026e-08, 5.55217738e-08, 5.34417417e-08,
       5.19209244e-08, 4.73371529e-08])
CSVec: median L2 reconstruction error = array([[2.74308486e-15, 2.17237291e-15, 1.87061022e-15, 1.66327053e-15,
        1.51219013e-15, 1.06354209e-15],
       [2.82781378e-15, 2.26180053e-15, 1.96614156e-15, 1.76235570e-15,
        1.60882971e-15, 1.16522140e-15],
       [2.94177655e-15, 2.37235993e-15, 2.08468848e-15, 1.88546929e-15,
        1.73517950e-15, 1.29481543e-15],
       [3.16551523e-15, 2.54723962e-15, 2.25516699e-15, 2.06178598e-15,
        1.91706722e-15, 1.48905502e-15]])

 TopHCS: index accuracy = array([[0.3689    , 0.24392   , 0.20114   , 0.179945  , 0.1675    ,
        0.150902  ],
       [0.36188   , 0.23697   , 0.19395333, 0.171605  , 0.159188  ,
        0.139232  ],
       [0.35298   , 0.22916   , 0.18536667, 0.16296   , 0.149704  ,
        0.127094  ],
       [0.339     , 0.2179    , 0.17368   , 0.15127   , 0.1374    ,
        0.113044  ]])
TopHCS: median L1 reconstruction error = array([[5.23744674e-08, 4.66087222e-08, 4.32505516e-08, 4.07832133e-08,
        3.88868884e-08, 3.26119931e-08],
       [5.31771924e-08, 4.75583910e-08, 4.43411956e-08, 4.19804209e-08,
        4.01102191e-08, 3.41353399e-08],
       [5.42381464e-08, 4.87068768e-08, 4.56583891e-08, 4.34219913e-08,
        4.16554862e-08, 3.59835433e-08],
       [5.62629126e-08, 5.04701845e-08, 4.74885979e-08, 4.54068925e-08,
        4.37843255e-08, 3.85882757e-08]])
TopHCS: median L2 reconstruction error = array([[2.74308486e-15, 2.17237291e-15, 1.87061022e-15, 1.66327053e-15,
        1.51219013e-15, 1.06354209e-15],
       [2.82781378e-15, 2.26180053e-15, 1.96614156e-15, 1.76235570e-15,
        1.60882971e-15, 1.16522140e-15],
       [2.94177655e-15, 2.37235993e-15, 2.08468848e-15, 1.88546929e-15,
        1.73517950e-15, 1.29481543e-15],
       [3.16551523e-15, 2.54723962e-15, 2.25516699e-15, 2.06178598e-15,
        1.91706722e-15, 1.48905502e-15]])
On ['../../datafiles/accumulatedVs0.torch', '../../datafiles/accumulatedVs1.torch', '../../datafiles/accumulatedVs2.torch', '../../datafiles/accumulatedVs3.torch']
k Values = [50000, 100000, 150000, 200000, 250000, 500000]

 CSVec: index accuracy = array([0.03424 , 0.03654 , 0.03808 , 0.039355, 0.040408, 0.044572])
CSVec: median L1 reconstruction error = array([8.56249681e-05, 8.06833268e-05, 7.77704117e-05, 7.56548543e-05,
       7.39889510e-05, 6.87285356e-05])
CSVec: median L2 reconstruction error = array([[6.63097399e-09, 5.55898483e-09, 4.92074514e-09, 4.46774528e-09,
        4.11573531e-09, 3.03515502e-09],
       [6.74573331e-09, 5.71791370e-09, 5.10821696e-09, 4.66312544e-09,
        4.32227854e-09, 3.26848748e-09],
       [6.88098467e-09, 5.90443028e-09, 5.31746380e-09, 4.89490759e-09,
        4.57257077e-09, 3.55698360e-09],
       [7.04815228e-09, 6.12498452e-09, 5.57902391e-09, 5.19238252e-09,
        4.89029439e-09, 3.95364808e-09]])

 TopHCS: index accuracy = array([[0.04144   , 0.04641   , 0.05132   , 0.05531   , 0.05932   ,
        0.074526  ],
       [0.04026   , 0.04444   , 0.04892   , 0.051915  , 0.0553    ,
        0.068236  ],
       [0.03932   , 0.04218   , 0.04578667, 0.048925  , 0.051288  ,
        0.062168  ],
       [0.0369    , 0.04045   , 0.04277333, 0.045135  , 0.046932  ,
        0.055116  ]])
TopHCS: median L1 reconstruction error = array([[8.14307932e-05, 7.45586003e-05, 7.01480240e-05, 6.68411958e-05,
        6.41539955e-05, 5.50922414e-05],
       [8.21324138e-05, 7.56168884e-05, 7.14717899e-05, 6.82870814e-05,
        6.57440396e-05, 5.71706878e-05],
       [8.29517012e-05, 7.68402897e-05, 7.29209423e-05, 6.99636148e-05,
        6.76207856e-05, 5.96404534e-05],
       [8.39532731e-05, 7.82622810e-05, 7.46928636e-05, 7.20581884e-05,
        6.99306402e-05, 6.28780399e-05]])
TopHCS: median L2 reconstruction error = array([[6.63097399e-09, 5.55898483e-09, 4.92074514e-09, 4.46774528e-09,
        4.11573531e-09, 3.03515502e-09],
       [6.74573331e-09, 5.71791370e-09, 5.10821696e-09, 4.66312544e-09,
        4.32227854e-09, 3.26848748e-09],
       [6.88098467e-09, 5.90443028e-09, 5.31746380e-09, 4.89490759e-09,
        4.57257077e-09, 3.55698360e-09],
       [7.04815228e-09, 6.12498452e-09, 5.57902391e-09, 5.19238252e-09,
        4.89029439e-09, 3.95364808e-09]])
