On ['../../datafiles/initialVs0.torch', '../../datafiles/initialVs1.torch', '../../datafiles/initialVs2.torch', '../../datafiles/initialVs3.torch']
k Values = [50000, 100000, 150000, 200000, 250000, 500000]

 CSVec: index accuracy = array([0.30818   , 0.18555   , 0.14119333, 0.118905  , 0.105136  ,
       0.078004  ])
CSVec: median L1 reconstruction error = array([6.08973210e-08, 5.69265666e-08, 5.47300196e-08, 5.31798889e-08,
       5.19672660e-08, 4.82315805e-08])
CSVec: median L2 reconstruction error = array([[2.65131096e-15, 2.13964525e-15, 1.85830325e-15, 1.66330494e-15,
        1.51529631e-15, 1.07785451e-15],
       [2.73164250e-15, 2.22912030e-15, 1.95022136e-15, 1.76060796e-15,
        1.61466947e-15, 1.18178344e-15],
       [2.83577864e-15, 2.33461741e-15, 2.06967800e-15, 1.88141730e-15,
        1.74100550e-15, 1.31422350e-15],
       [3.01998819e-15, 2.49844099e-15, 2.23438271e-15, 2.05458959e-15,
        1.91906897e-15, 1.51110328e-15]])

 TopHCS: index accuracy = array([[0.3713    , 0.24426   , 0.19865333, 0.17714   , 0.165136  ,
        0.146956  ],
       [0.36518   , 0.23718   , 0.19233333, 0.169695  , 0.156632  ,
        0.135702  ],
       [0.35868   , 0.23039   , 0.18413333, 0.16168   , 0.147884  ,
        0.123724  ],
       [0.3461    , 0.22063   , 0.17458   , 0.15116   , 0.13686   ,
        0.110164  ]])
TopHCS: median L1 reconstruction error = array([[5.14908827e-08, 4.62563001e-08, 4.31080416e-08, 4.07836360e-08,
        3.89268067e-08, 3.28306946e-08],
       [5.22651185e-08, 4.72135611e-08, 4.41613111e-08, 4.19595985e-08,
        4.01829503e-08, 3.43770772e-08],
       [5.32520303e-08, 4.83178795e-08, 4.54937137e-08, 4.33753087e-08,
        4.17253574e-08, 3.62522208e-08],
       [5.49544197e-08, 4.99844077e-08, 4.72692570e-08, 4.53275817e-08,
        4.38071801e-08, 3.88729120e-08]])
TopHCS: median L2 reconstruction error = array([[2.65131096e-15, 2.13964525e-15, 1.85830325e-15, 1.66330494e-15,
        1.51529631e-15, 1.07785451e-15],
       [2.73164250e-15, 2.22912030e-15, 1.95022136e-15, 1.76060796e-15,
        1.61466947e-15, 1.18178344e-15],
       [2.83577864e-15, 2.33461741e-15, 2.06967800e-15, 1.88141730e-15,
        1.74100550e-15, 1.31422350e-15],
       [3.01998819e-15, 2.49844099e-15, 2.23438271e-15, 2.05458959e-15,
        1.91906897e-15, 1.51110328e-15]])
On ['../../datafiles/accumulatedVs0.torch', '../../datafiles/accumulatedVs1.torch', '../../datafiles/accumulatedVs2.torch', '../../datafiles/accumulatedVs3.torch']
k Values = [50000, 100000, 150000, 200000, 250000, 500000]

 CSVec: index accuracy = array([0.03662   , 0.03755   , 0.03866667, 0.039065  , 0.040144  ,
       0.044038  ])
CSVec: median L1 reconstruction error = array([8.47339252e-05, 8.03488874e-05, 7.77244059e-05, 7.57992457e-05,
       7.42779303e-05, 6.93781767e-05])
CSVec: median L2 reconstruction error = array([[6.53308474e-09, 5.53436585e-09, 4.93710672e-09, 4.49544624e-09,
        4.15732648e-09, 3.08542925e-09],
       [6.64527278e-09, 5.69204062e-09, 5.11322495e-09, 4.69516959e-09,
        4.36535208e-09, 3.32837180e-09],
       [6.77905332e-09, 5.87443960e-09, 5.32635891e-09, 4.92685137e-09,
        4.61720973e-09, 3.62933306e-09],
       [6.93748436e-09, 6.09267437e-09, 5.58913227e-09, 5.22708365e-09,
        4.93886132e-09, 4.03086986e-09]])

 TopHCS: index accuracy = array([[0.0424    , 0.04624   , 0.05034667, 0.05405   , 0.056772  ,
        0.072018  ],
       [0.04154   , 0.0448    , 0.04802   , 0.050735  , 0.053856  ,
        0.065888  ],
       [0.04008   , 0.04277   , 0.04521333, 0.04799   , 0.050136  ,
        0.06035   ],
       [0.0388    , 0.03999   , 0.04194   , 0.04426   , 0.04608   ,
        0.053412  ]])
TopHCS: median L1 reconstruction error = array([[8.08274999e-05, 7.43933197e-05, 7.02645484e-05, 6.70480877e-05,
        6.44773318e-05, 5.55466395e-05],
       [8.15185413e-05, 7.54456123e-05, 7.15068163e-05, 6.85213090e-05,
        6.60708101e-05, 5.76920429e-05],
       [8.23350056e-05, 7.66448939e-05, 7.29819076e-05, 7.01915342e-05,
        6.79500517e-05, 6.02439468e-05],
       [8.32915612e-05, 7.80555856e-05, 7.47605009e-05, 7.22985715e-05,
        7.02770340e-05, 6.34891330e-05]])
TopHCS: median L2 reconstruction error = array([[6.53308474e-09, 5.53436585e-09, 4.93710672e-09, 4.49544624e-09,
        4.15732648e-09, 3.08542925e-09],
       [6.64527278e-09, 5.69204062e-09, 5.11322495e-09, 4.69516959e-09,
        4.36535208e-09, 3.32837180e-09],
       [6.77905332e-09, 5.87443960e-09, 5.32635891e-09, 4.92685137e-09,
        4.61720973e-09, 3.62933306e-09],
       [6.93748436e-09, 6.09267437e-09, 5.58913227e-09, 5.22708365e-09,
        4.93886132e-09, 4.03086986e-09]])
