On ['../../datafiles/initialVs0.torch', '../../datafiles/initialVs1.torch', '../../datafiles/initialVs2.torch', '../../datafiles/initialVs3.torch']
k Values = [50000, 100000, 150000, 200000, 250000, 500000]

 CSVec: index accuracy = array([0.14304 , 0.0852  , 0.06404 , 0.05324 , 0.0469  , 0.035314])
CSVec: median L1 reconstruction error = array([1.28391818e-07, 1.14284546e-07, 1.07287619e-07, 1.02714203e-07,
       9.93547502e-08, 8.97220218e-08])
CSVec: median L2 reconstruction error = array([[7.81460485e-15, 6.29139905e-15, 5.44589203e-15, 4.86472579e-15,
        4.42194482e-15, 3.12751224e-15],
       [8.06910013e-15, 6.55269220e-15, 5.73850973e-15, 5.15587684e-15,
        4.71562512e-15, 3.43066025e-15],
       [8.40985217e-15, 6.90054788e-15, 6.09149970e-15, 5.52882037e-15,
        5.09798468e-15, 3.82614523e-15],
       [9.00165461e-15, 7.41833573e-15, 6.60663803e-15, 6.06506888e-15,
        5.64500745e-15, 4.41127305e-15]])

 TopHCS: index accuracy = array([[0.20782   , 0.12577   , 0.09824667, 0.083745  , 0.075848  ,
        0.063326  ],
       [0.2044    , 0.1226    , 0.09496667, 0.080985  , 0.072948  ,
        0.059588  ],
       [0.2001    , 0.11913   , 0.09162667, 0.07782   , 0.069896  ,
        0.05521   ],
       [0.19342   , 0.11497   , 0.08736667, 0.073515  , 0.065276  ,
        0.050358  ]])
TopHCS: median L1 reconstruction error = array([[8.84002560e-08, 7.93183403e-08, 7.37962864e-08, 6.97475855e-08,
        6.64977051e-08, 5.59241649e-08],
       [8.98281698e-08, 8.09487020e-08, 7.57529506e-08, 7.18044362e-08,
        6.86704098e-08, 5.85718389e-08],
       [9.17052461e-08, 8.30695370e-08, 7.80480605e-08, 7.43560378e-08,
        7.14001729e-08, 6.18558431e-08],
       [9.48770520e-08, 8.61297593e-08, 8.12812289e-08, 7.78785534e-08,
        7.51332649e-08, 6.64174138e-08]])
TopHCS: median L2 reconstruction error = array([[7.81460485e-15, 6.29139905e-15, 5.44589203e-15, 4.86472579e-15,
        4.42194482e-15, 3.12751224e-15],
       [8.06910013e-15, 6.55269220e-15, 5.73850973e-15, 5.15587684e-15,
        4.71562512e-15, 3.43066025e-15],
       [8.40985217e-15, 6.90054788e-15, 6.09149970e-15, 5.52882037e-15,
        5.09798468e-15, 3.82614523e-15],
       [9.00165461e-15, 7.41833573e-15, 6.60663803e-15, 6.06506888e-15,
        5.64500745e-15, 4.41127305e-15]])
On ['../../datafiles/accumulatedVs0.torch', '../../datafiles/accumulatedVs1.torch', '../../datafiles/accumulatedVs2.torch', '../../datafiles/accumulatedVs3.torch']
k Values = [50000, 100000, 150000, 200000, 250000, 500000]

 CSVec: index accuracy = array([0.00728   , 0.00861   , 0.01024667, 0.01151   , 0.012748  ,
       0.017072  ])
CSVec: median L1 reconstruction error = array([0.00014674, 0.00013876, 0.00013392, 0.00013045, 0.00012773,
       0.00011893])
CSVec: median L2 reconstruction error = array([[1.94505070e-08, 1.63526668e-08, 1.45363694e-08, 1.32026861e-08,
        1.21613741e-08, 8.95533336e-09],
       [1.98073984e-08, 1.68400174e-08, 1.50617225e-08, 1.38022882e-08,
        1.27871376e-08, 9.66552616e-09],
       [2.02007371e-08, 1.73763297e-08, 1.56965552e-08, 1.44591068e-08,
        1.35563321e-08, 1.05309246e-08],
       [2.06901909e-08, 1.80913560e-08, 1.65239928e-08, 1.53796815e-08,
        1.44990793e-08, 1.17524399e-08]])

 TopHCS: index accuracy = array([[0.00816   , 0.01064   , 0.01261333, 0.01459   , 0.016396  ,
        0.024212  ],
       [0.00798   , 0.00992   , 0.01210667, 0.013865  , 0.015624  ,
        0.022784  ],
       [0.0077    , 0.00987   , 0.01160667, 0.013295  , 0.014816  ,
        0.021086  ],
       [0.00738   , 0.00933   , 0.01137333, 0.01303   , 0.014068  ,
        0.019458  ]])
TopHCS: median L1 reconstruction error = array([[1.39465075e-04, 1.27877545e-04, 1.20566867e-04, 1.14902941e-04,
        1.10278619e-04, 9.46326254e-05],
       [1.40738761e-04, 1.29769091e-04, 1.22726211e-04, 1.17483141e-04,
        1.13080227e-04, 9.83134087e-05],
       [1.42129298e-04, 1.31819310e-04, 1.25285893e-04, 1.20246026e-04,
        1.16431664e-04, 1.02620295e-04],
       [1.43840851e-04, 1.34504109e-04, 1.28545682e-04, 1.24014841e-04,
        1.20412122e-04, 1.08408669e-04]])
TopHCS: median L2 reconstruction error = array([[1.94505070e-08, 1.63526668e-08, 1.45363694e-08, 1.32026861e-08,
        1.21613741e-08, 8.95533336e-09],
       [1.98073984e-08, 1.68400174e-08, 1.50617225e-08, 1.38022882e-08,
        1.27871376e-08, 9.66552616e-09],
       [2.02007371e-08, 1.73763297e-08, 1.56965552e-08, 1.44591068e-08,
        1.35563321e-08, 1.05309246e-08],
       [2.06901909e-08, 1.80913560e-08, 1.65239928e-08, 1.53796815e-08,
        1.44990793e-08, 1.17524399e-08]])
