On ['../../datafiles/initialVs0.torch', '../../datafiles/initialVs1.torch', '../../datafiles/initialVs2.torch', '../../datafiles/initialVs3.torch']
k Values = [50000, 100000, 150000, 200000, 250000, 500000]

 CSVec: index accuracy = array([0.58418   , 0.41741   , 0.34673333, 0.30545   , 0.279044  ,
       0.217084  ])
CSVec: median L1 reconstruction error = array([3.58741090e-08, 3.24664136e-08, 3.08732773e-08, 2.98308223e-08,
       2.90508169e-08, 2.67177160e-08])
CSVec: median L2 reconstruction error = array([[1.11787173e-15, 8.37824693e-16, 7.10609185e-16, 6.27274484e-16,
        5.67020531e-16, 3.97301863e-16],
       [1.13695327e-15, 8.62806024e-16, 7.37428578e-16, 6.57514990e-16,
        5.97645960e-16, 4.29526516e-16],
       [1.16370257e-15, 8.93698004e-16, 7.72003139e-16, 6.94026292e-16,
        6.37021028e-16, 4.72477519e-16],
       [1.20882645e-15, 9.38808649e-16, 8.21172873e-16, 7.46238674e-16,
        6.91458141e-16, 5.34767951e-16]])

 TopHCS: index accuracy = array([[0.63574   , 0.50018   , 0.44574667, 0.41671   , 0.398276  ,
        0.368498  ],
       [0.6286    , 0.48791   , 0.43222   , 0.400855  , 0.381928  ,
        0.344596  ],
       [0.62052   , 0.47467   , 0.41496667, 0.38238   , 0.361476  ,
        0.316822  ],
       [0.60718   , 0.45842   , 0.39476667, 0.358795  , 0.335628  ,
        0.284046  ]])
TopHCS: median L1 reconstruction error = array([[3.34345884e-08, 2.89452018e-08, 2.66572542e-08, 2.50454484e-08,
        2.38121931e-08, 1.99324326e-08],
       [3.37187380e-08, 2.93735596e-08, 2.71556360e-08, 2.56420556e-08,
        2.44467984e-08, 2.07250217e-08],
       [3.41130857e-08, 2.98947818e-08, 2.77849441e-08, 2.63443791e-08,
        2.52392756e-08, 2.17365486e-08],
       [3.47681812e-08, 3.06399848e-08, 2.86561139e-08, 2.73173697e-08,
        2.62955915e-08, 2.31250503e-08]])
TopHCS: median L2 reconstruction error = array([[1.11787173e-15, 8.37824693e-16, 7.10609185e-16, 6.27274484e-16,
        5.67020531e-16, 3.97301863e-16],
       [1.13695327e-15, 8.62806024e-16, 7.37428578e-16, 6.57514990e-16,
        5.97645960e-16, 4.29526516e-16],
       [1.16370257e-15, 8.93698004e-16, 7.72003139e-16, 6.94026292e-16,
        6.37021028e-16, 4.72477519e-16],
       [1.20882645e-15, 9.38808649e-16, 8.21172873e-16, 7.46238674e-16,
        6.91458141e-16, 5.34767951e-16]])
On ['../../datafiles/accumulatedVs0.torch', '../../datafiles/accumulatedVs1.torch', '../../datafiles/accumulatedVs2.torch', '../../datafiles/accumulatedVs3.torch']
k Values = [50000, 100000, 150000, 200000, 250000, 500000]

 CSVec: index accuracy = array([0.1967  , 0.18281 , 0.1743  , 0.169005, 0.164968, 0.154678])
CSVec: median L1 reconstruction error = array([5.14306885e-05, 4.82117794e-05, 4.63293618e-05, 4.50003208e-05,
       4.39814430e-05, 4.07621701e-05])
CSVec: median L2 reconstruction error = array([[2.45785881e-09, 2.04615058e-09, 1.80962312e-09, 1.64427649e-09,
        1.51292312e-09, 1.11555798e-09],
       [2.49095211e-09, 2.09512718e-09, 1.86502902e-09, 1.70487047e-09,
        1.57976665e-09, 1.19384735e-09],
       [2.53039012e-09, 2.14838392e-09, 1.93078842e-09, 1.77665971e-09,
        1.65924763e-09, 1.28999700e-09],
       [2.57457300e-09, 2.21614349e-09, 2.01195127e-09, 1.86897453e-09,
        1.75991022e-09, 1.41923540e-09]])

 TopHCS: index accuracy = array([[0.22066   , 0.22008   , 0.22050667, 0.22428   , 0.228548  ,
        0.245952  ],
       [0.2171    , 0.21274   , 0.21184667, 0.213425  , 0.215892  ,
        0.227374  ],
       [0.21302   , 0.2047    , 0.2022    , 0.20169   , 0.202384  ,
        0.208448  ],
       [0.20532   , 0.19652   , 0.19167333, 0.18889   , 0.186948  ,
        0.186808  ]])
TopHCS: median L1 reconstruction error = array([[4.95767963e-05, 4.52343957e-05, 4.25396647e-05, 4.05496794e-05,
        3.88963126e-05, 3.33999706e-05],
       [4.99094385e-05, 4.57725582e-05, 4.31859808e-05, 4.12900772e-05,
        3.97462791e-05, 3.45520966e-05],
       [5.03029842e-05, 4.63506622e-05, 4.39407377e-05, 4.21504410e-05,
        4.07338630e-05, 3.59165278e-05],
       [5.07402510e-05, 4.70759333e-05, 4.48547798e-05, 4.32316374e-05,
        4.19512835e-05, 3.76727403e-05]])
TopHCS: median L2 reconstruction error = array([[2.45785881e-09, 2.04615058e-09, 1.80962312e-09, 1.64427649e-09,
        1.51292312e-09, 1.11555798e-09],
       [2.49095211e-09, 2.09512718e-09, 1.86502902e-09, 1.70487047e-09,
        1.57976665e-09, 1.19384735e-09],
       [2.53039012e-09, 2.14838392e-09, 1.93078842e-09, 1.77665971e-09,
        1.65924763e-09, 1.28999700e-09],
       [2.57457300e-09, 2.21614349e-09, 2.01195127e-09, 1.86897453e-09,
        1.75991022e-09, 1.41923540e-09]])
