On ['../../datafiles/initialVs0.torch', '../../datafiles/initialVs1.torch', '../../datafiles/initialVs2.torch', '../../datafiles/initialVs3.torch']
k Values = [50000, 100000, 150000, 200000, 250000, 500000]

 CSVec: index accuracy = array([0.21632   , 0.12866   , 0.09776667, 0.081745  , 0.072144  ,
       0.05367   ])
CSVec: median L1 reconstruction error = array([8.42777084e-08, 7.57777272e-08, 7.15747248e-08, 6.87866617e-08,
       6.67270612e-08, 6.06677162e-08])
CSVec: median L2 reconstruction error = array([[4.09361283e-15, 3.27466347e-15, 2.82426873e-15, 2.52100849e-15,
        2.28935260e-15, 1.61738961e-15],
       [4.22066819e-15, 3.40634173e-15, 2.97108135e-15, 2.66687836e-15,
        2.44150894e-15, 1.77074736e-15],
       [4.38903928e-15, 3.57818099e-15, 3.14903514e-15, 2.85491756e-15,
        2.63136545e-15, 1.96865089e-15],
       [4.72085639e-15, 3.84350390e-15, 3.40871638e-15, 3.12355808e-15,
        2.90682946e-15, 2.26458790e-15]])

 TopHCS: index accuracy = array([[0.29172   , 0.18543   , 0.14719333, 0.12894   , 0.119344  ,
        0.104028  ],
       [0.28636   , 0.18085   , 0.14331333, 0.123725  , 0.113448  ,
        0.09668   ],
       [0.27992   , 0.17433   , 0.13774667, 0.11847   , 0.107616  ,
        0.088598  ],
       [0.26838   , 0.1673    , 0.12989333, 0.111325  , 0.100296  ,
        0.079636  ]])
TopHCS: median L1 reconstruction error = array([[6.39813464e-08, 5.72246748e-08, 5.31438502e-08, 5.02096462e-08,
        4.78471804e-08, 4.02167828e-08],
       [6.49666703e-08, 5.83638737e-08, 5.45076269e-08, 5.16418268e-08,
        4.94116286e-08, 4.20802486e-08],
       [6.62498252e-08, 5.98179000e-08, 5.61162636e-08, 5.34314282e-08,
        5.12968370e-08, 4.43694823e-08],
       [6.87084878e-08, 6.19959977e-08, 5.83842130e-08, 5.58888011e-08,
        5.39150200e-08, 4.75876867e-08]])
TopHCS: median L2 reconstruction error = array([[4.09361283e-15, 3.27466347e-15, 2.82426873e-15, 2.52100849e-15,
        2.28935260e-15, 1.61738961e-15],
       [4.22066819e-15, 3.40634173e-15, 2.97108135e-15, 2.66687836e-15,
        2.44150894e-15, 1.77074736e-15],
       [4.38903928e-15, 3.57818099e-15, 3.14903514e-15, 2.85491756e-15,
        2.63136545e-15, 1.96865089e-15],
       [4.72085639e-15, 3.84350390e-15, 3.40871638e-15, 3.12355808e-15,
        2.90682946e-15, 2.26458790e-15]])
On ['../../datafiles/accumulatedVs0.torch', '../../datafiles/accumulatedVs1.torch', '../../datafiles/accumulatedVs2.torch', '../../datafiles/accumulatedVs3.torch']
k Values = [50000, 100000, 150000, 200000, 250000, 500000]

 CSVec: index accuracy = array([0.01688   , 0.01943   , 0.02157333, 0.023045  , 0.02448   ,
       0.02938   ])
CSVec: median L1 reconstruction error = array([1.05550302e-04, 9.96109447e-05, 9.60675388e-05, 9.35396965e-05,
       9.15606433e-05, 8.51260265e-05])
CSVec: median L2 reconstruction error = array([[1.00697557e-08, 8.46448778e-09, 7.50892415e-09, 6.81660772e-09,
        6.28020480e-09, 4.63217420e-09],
       [1.02423661e-08, 8.70384387e-09, 7.78060105e-09, 7.12200698e-09,
        6.59961197e-09, 4.98743535e-09],
       [1.04532250e-08, 8.97719588e-09, 8.10236589e-09, 7.47141016e-09,
        6.98388591e-09, 5.43991829e-09],
       [1.07114069e-08, 9.32681932e-09, 8.51582005e-09, 7.92381183e-09,
        7.47013029e-09, 6.03835204e-09]])

 TopHCS: index accuracy = array([[0.02034   , 0.02413   , 0.02838667, 0.0314    , 0.03418   ,
        0.046374  ],
       [0.01962   , 0.02373   , 0.02716667, 0.02983   , 0.032528  ,
        0.042532  ],
       [0.0192    , 0.02263   , 0.02563333, 0.02827   , 0.030396  ,
        0.038956  ],
       [0.01828   , 0.02158   , 0.02412   , 0.02614   , 0.02818   ,
        0.035092  ]])
TopHCS: median L1 reconstruction error = array([[1.00348174e-04, 9.20026505e-05, 8.66540504e-05, 8.25627503e-05,
        7.92477440e-05, 6.80600788e-05],
       [1.01204576e-04, 9.32943949e-05, 8.82077147e-05, 8.43919843e-05,
        8.12379949e-05, 7.06217761e-05],
       [1.02241014e-04, 9.47480657e-05, 9.00131417e-05, 8.64373214e-05,
        8.35696483e-05, 7.37558003e-05],
       [1.03495928e-04, 9.65754589e-05, 9.22812033e-05, 8.90157971e-05,
        8.64299145e-05, 7.77068344e-05]])
TopHCS: median L2 reconstruction error = array([[1.00697557e-08, 8.46448778e-09, 7.50892415e-09, 6.81660772e-09,
        6.28020480e-09, 4.63217420e-09],
       [1.02423661e-08, 8.70384387e-09, 7.78060105e-09, 7.12200698e-09,
        6.59961197e-09, 4.98743535e-09],
       [1.04532250e-08, 8.97719588e-09, 8.10236589e-09, 7.47141016e-09,
        6.98388591e-09, 5.43991829e-09],
       [1.07114069e-08, 9.32681932e-09, 8.51582005e-09, 7.92381183e-09,
        7.47013029e-09, 6.03835204e-09]])
