Number of nonzeros in summed over size:  674 torch.Size([1002])
10 k: 10
10 k: 10
10 k: 10
10 k: 10
20 k: 20
20 k: 20
20 k: 20
20 k: 20
30 k: 30
30 k: 30
30 k: 30
30 k: 30
40 k: 40
40 k: 40
40 k: 40
40 k: 40
50 k: 50
50 k: 50
50 k: 50
50 k: 50
60 k: 60
60 k: 60
60 k: 60
60 k: 60
70 k: 70
70 k: 70
70 k: 70
70 k: 70
80 k: 80
80 k: 80
80 k: 80
80 k: 80
90 k: 90
90 k: 90
90 k: 90
90 k: 90
100 k: 100
100 k: 100
100 k: 100
100 k: 100
On ['../../datafiles/initialVs0.torch', '../../datafiles/initialVs1.torch', '../../datafiles/initialVs2.torch', '../../datafiles/initialVs3.torch']
k Values = [10, 20, 30, 40, 50, 60, 70, 80, 90, 100]

 CSVec: index accuracy = array([0.9       , 0.95      , 0.9       , 0.975     , 0.9       ,
       0.9       , 0.94285714, 0.95      , 0.9       , 0.93      ])
CSVec: median L1 reconstruction error = array([6.00710015e-09, 4.53544402e-09, 3.51768925e-09, 3.08431014e-09,
       2.66683919e-09, 2.41284570e-09, 2.00389660e-09, 1.95499972e-09,
       1.84149762e-09, 1.78031567e-09])
CSVec: median L2 reconstruction error = array([[3.60852513e-17, 2.05702530e-17, 1.23741381e-17, 9.51296665e-18,
        7.11203108e-18, 5.82182454e-18, 4.01560164e-18, 3.82202235e-18,
        3.39111357e-18, 3.16952388e-18],
       [3.60852513e-17, 2.05702530e-17, 1.23741381e-17, 9.51296913e-18,
        7.11203108e-18, 5.82182454e-18, 4.01560164e-18, 3.82202400e-18,
        3.39111357e-18, 3.16952388e-18],
       [3.60852513e-17, 2.05702530e-17, 1.23741381e-17, 9.51296913e-18,
        7.11203108e-18, 5.82182454e-18, 4.01560164e-18, 3.82202400e-18,
        3.39111357e-18, 3.16952388e-18],
       [3.60852513e-17, 2.05702530e-17, 1.23741381e-17, 9.51296913e-18,
        7.11203108e-18, 5.82182454e-18, 4.01560164e-18, 3.82202400e-18,
        3.39111357e-18, 3.16952388e-18]])

 TopHCS: index accuracy = array([[0.9       , 0.95      , 0.9       , 0.975     , 0.9       ,
        0.9       , 0.94285714, 0.95      , 0.9       , 0.93      ],
       [0.9       , 0.95      , 0.9       , 0.975     , 0.9       ,
        0.9       , 0.94285714, 0.95      , 0.9       , 0.93      ],
       [0.9       , 0.95      , 0.9       , 0.975     , 0.9       ,
        0.9       , 0.94285714, 0.95      , 0.9       , 0.93      ],
       [0.9       , 0.95      , 0.9       , 0.975     , 0.9       ,
        0.9       , 0.94285714, 0.95      , 0.9       , 0.93      ]])
TopHCS: median L1 reconstruction error = array([[6.00710015e-09, 4.53544402e-09, 3.51768925e-09, 3.08430970e-09,
        2.66683919e-09, 2.41284570e-09, 2.00389660e-09, 1.95499927e-09,
        1.84149762e-09, 1.78031567e-09],
       [6.00710015e-09, 4.53544402e-09, 3.51768925e-09, 3.08431014e-09,
        2.66683919e-09, 2.41284570e-09, 2.00389660e-09, 1.95499972e-09,
        1.84149762e-09, 1.78031567e-09],
       [6.00710015e-09, 4.53544402e-09, 3.51768925e-09, 3.08431014e-09,
        2.66683919e-09, 2.41284570e-09, 2.00389660e-09, 1.95499972e-09,
        1.84149762e-09, 1.78031567e-09],
       [6.00710015e-09, 4.53544402e-09, 3.51768925e-09, 3.08431014e-09,
        2.66683919e-09, 2.41284570e-09, 2.00389660e-09, 1.95499972e-09,
        1.84149762e-09, 1.78031567e-09]])
TopHCS: median L2 reconstruction error = array([[3.60852513e-17, 2.05702530e-17, 1.23741381e-17, 9.51296665e-18,
        7.11203108e-18, 5.82182454e-18, 4.01560164e-18, 3.82202235e-18,
        3.39111357e-18, 3.16952388e-18],
       [3.60852513e-17, 2.05702530e-17, 1.23741381e-17, 9.51296913e-18,
        7.11203108e-18, 5.82182454e-18, 4.01560164e-18, 3.82202400e-18,
        3.39111357e-18, 3.16952388e-18],
       [3.60852513e-17, 2.05702530e-17, 1.23741381e-17, 9.51296913e-18,
        7.11203108e-18, 5.82182454e-18, 4.01560164e-18, 3.82202400e-18,
        3.39111357e-18, 3.16952388e-18],
       [3.60852513e-17, 2.05702530e-17, 1.23741381e-17, 9.51296913e-18,
        7.11203108e-18, 5.82182454e-18, 4.01560164e-18, 3.82202400e-18,
        3.39111357e-18, 3.16952388e-18]])
Number of nonzeros in summed over size:  674 torch.Size([1002])
10 k: 10
10 k: 10
10 k: 10
10 k: 10
20 k: 20
20 k: 20
20 k: 20
20 k: 20
30 k: 30
30 k: 30
30 k: 30
30 k: 30
40 k: 40
40 k: 40
40 k: 40
40 k: 40
50 k: 50
50 k: 50
50 k: 50
50 k: 50
60 k: 60
60 k: 60
60 k: 60
60 k: 60
70 k: 70
70 k: 70
70 k: 70
70 k: 70
80 k: 80
80 k: 80
80 k: 80
80 k: 80
90 k: 90
90 k: 90
90 k: 90
90 k: 90
100 k: 100
100 k: 100
100 k: 100
100 k: 100
On ['../../datafiles/initialVs0.torch', '../../datafiles/initialVs1.torch', '../../datafiles/initialVs2.torch', '../../datafiles/initialVs3.torch']
k Values = [10, 20, 30, 40, 50, 60, 70, 80, 90, 100]

 CSVec: index accuracy = array([0.9       , 0.95      , 0.9       , 0.975     , 0.9       ,
       0.9       , 0.94285714, 0.95      , 0.9       , 0.93      ])
CSVec: median L1 reconstruction error = array([6.00710015e-09, 4.53544402e-09, 3.51768925e-09, 3.08431014e-09,
       2.66683919e-09, 2.41284570e-09, 2.00389660e-09, 1.95499972e-09,
       1.84149762e-09, 1.78031567e-09])
CSVec: median L2 reconstruction error = array([[3.60852513e-17, 2.05702530e-17, 1.23741381e-17, 9.51296665e-18,
        7.11203108e-18, 5.82182454e-18, 4.01560164e-18, 3.82202235e-18,
        3.39111357e-18, 3.16952388e-18],
       [3.60852513e-17, 2.05702530e-17, 1.23741381e-17, 9.51296913e-18,
        7.11203108e-18, 5.82182454e-18, 4.01560164e-18, 3.82202400e-18,
        3.39111357e-18, 3.16952388e-18],
       [3.60852513e-17, 2.05702530e-17, 1.23741381e-17, 9.51296913e-18,
        7.11203108e-18, 5.82182454e-18, 4.01560164e-18, 3.82202400e-18,
        3.39111357e-18, 3.16952388e-18],
       [3.60852513e-17, 2.05702530e-17, 1.23741381e-17, 9.51296913e-18,
        7.11203108e-18, 5.82182454e-18, 4.01560164e-18, 3.82202400e-18,
        3.39111357e-18, 3.16952388e-18]])

 TopHCS: index accuracy = array([[0.9       , 0.95      , 0.9       , 0.975     , 0.9       ,
        0.9       , 0.94285714, 0.95      , 0.9       , 0.93      ],
       [0.9       , 0.95      , 0.9       , 0.975     , 0.9       ,
        0.9       , 0.94285714, 0.95      , 0.9       , 0.93      ],
       [0.9       , 0.95      , 0.9       , 0.975     , 0.9       ,
        0.9       , 0.94285714, 0.95      , 0.9       , 0.93      ],
       [0.9       , 0.95      , 0.9       , 0.975     , 0.9       ,
        0.9       , 0.94285714, 0.95      , 0.9       , 0.93      ]])
TopHCS: median L1 reconstruction error = array([[6.00710015e-09, 4.53544402e-09, 3.51768925e-09, 3.08430970e-09,
        2.66683919e-09, 2.41284570e-09, 2.00389660e-09, 1.95499927e-09,
        1.84149762e-09, 1.78031567e-09],
       [6.00710015e-09, 4.53544402e-09, 3.51768925e-09, 3.08431014e-09,
        2.66683919e-09, 2.41284570e-09, 2.00389660e-09, 1.95499972e-09,
        1.84149762e-09, 1.78031567e-09],
       [6.00710015e-09, 4.53544402e-09, 3.51768925e-09, 3.08431014e-09,
        2.66683919e-09, 2.41284570e-09, 2.00389660e-09, 1.95499972e-09,
        1.84149762e-09, 1.78031567e-09],
       [6.00710015e-09, 4.53544402e-09, 3.51768925e-09, 3.08431014e-09,
        2.66683919e-09, 2.41284570e-09, 2.00389660e-09, 1.95499972e-09,
        1.84149762e-09, 1.78031567e-09]])
TopHCS: median L2 reconstruction error = array([[3.60852513e-17, 2.05702530e-17, 1.23741381e-17, 9.51296665e-18,
        7.11203108e-18, 5.82182454e-18, 4.01560164e-18, 3.82202235e-18,
        3.39111357e-18, 3.16952388e-18],
       [3.60852513e-17, 2.05702530e-17, 1.23741381e-17, 9.51296913e-18,
        7.11203108e-18, 5.82182454e-18, 4.01560164e-18, 3.82202400e-18,
        3.39111357e-18, 3.16952388e-18],
       [3.60852513e-17, 2.05702530e-17, 1.23741381e-17, 9.51296913e-18,
        7.11203108e-18, 5.82182454e-18, 4.01560164e-18, 3.82202400e-18,
        3.39111357e-18, 3.16952388e-18],
       [3.60852513e-17, 2.05702530e-17, 1.23741381e-17, 9.51296913e-18,
        7.11203108e-18, 5.82182454e-18, 4.01560164e-18, 3.82202400e-18,
        3.39111357e-18, 3.16952388e-18]])
Number of nonzeros in summed over size:  674 torch.Size([1002])
10 k: 10
10 k: 10
10 k: 10
10 k: 10
20 k: 20
20 k: 20
20 k: 20
20 k: 20
30 k: 30
30 k: 30
30 k: 30
30 k: 30
40 k: 40
40 k: 40
40 k: 40
40 k: 40
50 k: 50
50 k: 50
50 k: 50
50 k: 50
60 k: 60
60 k: 60
60 k: 60
60 k: 60
70 k: 70
70 k: 70
70 k: 70
70 k: 70
80 k: 80
80 k: 80
80 k: 80
80 k: 80
90 k: 90
90 k: 90
90 k: 90
90 k: 90
100 k: 100
100 k: 100
100 k: 100
100 k: 100
On ['../../datafiles/initialVs0.torch', '../../datafiles/initialVs1.torch', '../../datafiles/initialVs2.torch', '../../datafiles/initialVs3.torch']
k Values = [10, 20, 30, 40, 50, 60, 70, 80, 90, 100]

 CSVec: index accuracy = array([0.9       , 0.95      , 0.9       , 0.975     , 0.9       ,
       0.9       , 0.94285714, 0.95      , 0.9       , 0.93      ])
CSVec: median L1 reconstruction error = array([6.00710015e-09, 4.53544402e-09, 3.51768925e-09, 3.08431014e-09,
       2.66683919e-09, 2.41284570e-09, 2.00389660e-09, 1.95499972e-09,
       1.84149762e-09, 1.78031567e-09])
CSVec: median L2 reconstruction error = array([[3.60852513e-17, 2.05702530e-17, 1.23741381e-17, 9.51296665e-18,
        7.11203108e-18, 5.82182454e-18, 4.01560164e-18, 3.82202235e-18,
        3.39111357e-18, 3.16952388e-18],
       [3.60852513e-17, 2.05702530e-17, 1.23741381e-17, 9.51296913e-18,
        7.11203108e-18, 5.82182454e-18, 4.01560164e-18, 3.82202400e-18,
        3.39111357e-18, 3.16952388e-18],
       [3.60852513e-17, 2.05702530e-17, 1.23741381e-17, 9.51296913e-18,
        7.11203108e-18, 5.82182454e-18, 4.01560164e-18, 3.82202400e-18,
        3.39111357e-18, 3.16952388e-18],
       [3.60852513e-17, 2.05702530e-17, 1.23741381e-17, 9.51296913e-18,
        7.11203108e-18, 5.82182454e-18, 4.01560164e-18, 3.82202400e-18,
        3.39111357e-18, 3.16952388e-18]])

 TopHCS: index accuracy = array([[0.9       , 0.95      , 0.9       , 0.975     , 0.9       ,
        0.9       , 0.94285714, 0.95      , 0.9       , 0.93      ],
       [0.9       , 0.95      , 0.9       , 0.975     , 0.9       ,
        0.9       , 0.94285714, 0.95      , 0.9       , 0.93      ],
       [0.9       , 0.95      , 0.9       , 0.975     , 0.9       ,
        0.9       , 0.94285714, 0.95      , 0.9       , 0.93      ],
       [0.9       , 0.95      , 0.9       , 0.975     , 0.9       ,
        0.9       , 0.94285714, 0.95      , 0.9       , 0.93      ]])
TopHCS: median L1 reconstruction error = array([[6.00710015e-09, 4.53544402e-09, 3.51768925e-09, 3.08430970e-09,
        2.66683919e-09, 2.41284570e-09, 2.00389660e-09, 1.95499927e-09,
        1.84149762e-09, 1.78031567e-09],
       [6.00710015e-09, 4.53544402e-09, 3.51768925e-09, 3.08431014e-09,
        2.66683919e-09, 2.41284570e-09, 2.00389660e-09, 1.95499972e-09,
        1.84149762e-09, 1.78031567e-09],
       [6.00710015e-09, 4.53544402e-09, 3.51768925e-09, 3.08431014e-09,
        2.66683919e-09, 2.41284570e-09, 2.00389660e-09, 1.95499972e-09,
        1.84149762e-09, 1.78031567e-09],
       [6.00710015e-09, 4.53544402e-09, 3.51768925e-09, 3.08431014e-09,
        2.66683919e-09, 2.41284570e-09, 2.00389660e-09, 1.95499972e-09,
        1.84149762e-09, 1.78031567e-09]])
TopHCS: median L2 reconstruction error = array([[3.60852513e-17, 2.05702530e-17, 1.23741381e-17, 9.51296665e-18,
        7.11203108e-18, 5.82182454e-18, 4.01560164e-18, 3.82202235e-18,
        3.39111357e-18, 3.16952388e-18],
       [3.60852513e-17, 2.05702530e-17, 1.23741381e-17, 9.51296913e-18,
        7.11203108e-18, 5.82182454e-18, 4.01560164e-18, 3.82202400e-18,
        3.39111357e-18, 3.16952388e-18],
       [3.60852513e-17, 2.05702530e-17, 1.23741381e-17, 9.51296913e-18,
        7.11203108e-18, 5.82182454e-18, 4.01560164e-18, 3.82202400e-18,
        3.39111357e-18, 3.16952388e-18],
       [3.60852513e-17, 2.05702530e-17, 1.23741381e-17, 9.51296913e-18,
        7.11203108e-18, 5.82182454e-18, 4.01560164e-18, 3.82202400e-18,
        3.39111357e-18, 3.16952388e-18]])
Number of nonzeros in summed over size:  674 torch.Size([1002])
10 k: 10
10 k: 10
10 k: 10
10 k: 10
20 k: 20
20 k: 20
20 k: 20
20 k: 20
30 k: 30
30 k: 30
30 k: 30
30 k: 30
40 k: 40
40 k: 40
40 k: 40
40 k: 40
50 k: 50
50 k: 50
50 k: 50
50 k: 50
60 k: 60
60 k: 60
60 k: 60
60 k: 60
70 k: 70
70 k: 70
70 k: 70
70 k: 70
80 k: 80
80 k: 80
80 k: 80
80 k: 80
90 k: 90
90 k: 90
90 k: 90
90 k: 90
100 k: 100
100 k: 100
100 k: 100
100 k: 100
On ['../../datafiles/initialVs0.torch', '../../datafiles/initialVs1.torch', '../../datafiles/initialVs2.torch', '../../datafiles/initialVs3.torch']
k Values = [10, 20, 30, 40, 50, 60, 70, 80, 90, 100]

 CSVec: index accuracy = array([0.9       , 0.95      , 0.9       , 0.975     , 0.9       ,
       0.9       , 0.94285714, 0.95      , 0.9       , 0.93      ])
CSVec: median L1 reconstruction error = array([6.00710015e-09, 4.53544402e-09, 3.51768925e-09, 3.08431014e-09,
       2.66683919e-09, 2.41284570e-09, 2.00389660e-09, 1.95499972e-09,
       1.84149762e-09, 1.78031567e-09])
CSVec: median L2 reconstruction error = array([[3.60852513e-17, 2.05702530e-17, 1.23741381e-17, 9.51296665e-18,
        7.11203108e-18, 5.82182454e-18, 4.01560164e-18, 3.82202235e-18,
        3.39111357e-18, 3.16952388e-18],
       [3.60852513e-17, 2.05702530e-17, 1.23741381e-17, 9.51296913e-18,
        7.11203108e-18, 5.82182454e-18, 4.01560164e-18, 3.82202400e-18,
        3.39111357e-18, 3.16952388e-18],
       [3.60852513e-17, 2.05702530e-17, 1.23741381e-17, 9.51296913e-18,
        7.11203108e-18, 5.82182454e-18, 4.01560164e-18, 3.82202400e-18,
        3.39111357e-18, 3.16952388e-18],
       [3.60852513e-17, 2.05702530e-17, 1.23741381e-17, 9.51296913e-18,
        7.11203108e-18, 5.82182454e-18, 4.01560164e-18, 3.82202400e-18,
        3.39111357e-18, 3.16952388e-18]])

 TopHCS: index accuracy = array([[0.9       , 0.95      , 0.9       , 0.975     , 0.9       ,
        0.9       , 0.94285714, 0.95      , 0.9       , 0.93      ],
       [0.9       , 0.95      , 0.9       , 0.975     , 0.9       ,
        0.9       , 0.94285714, 0.95      , 0.9       , 0.93      ],
       [0.9       , 0.95      , 0.9       , 0.975     , 0.9       ,
        0.9       , 0.94285714, 0.95      , 0.9       , 0.93      ],
       [0.9       , 0.95      , 0.9       , 0.975     , 0.9       ,
        0.9       , 0.94285714, 0.95      , 0.9       , 0.93      ]])
TopHCS: median L1 reconstruction error = array([[6.00710015e-09, 4.53544402e-09, 3.51768925e-09, 3.08430970e-09,
        2.66683919e-09, 2.41284570e-09, 2.00389660e-09, 1.95499927e-09,
        1.84149762e-09, 1.78031567e-09],
       [6.00710015e-09, 4.53544402e-09, 3.51768925e-09, 3.08431014e-09,
        2.66683919e-09, 2.41284570e-09, 2.00389660e-09, 1.95499972e-09,
        1.84149762e-09, 1.78031567e-09],
       [6.00710015e-09, 4.53544402e-09, 3.51768925e-09, 3.08431014e-09,
        2.66683919e-09, 2.41284570e-09, 2.00389660e-09, 1.95499972e-09,
        1.84149762e-09, 1.78031567e-09],
       [6.00710015e-09, 4.53544402e-09, 3.51768925e-09, 3.08431014e-09,
        2.66683919e-09, 2.41284570e-09, 2.00389660e-09, 1.95499972e-09,
        1.84149762e-09, 1.78031567e-09]])
TopHCS: median L2 reconstruction error = array([[3.60852513e-17, 2.05702530e-17, 1.23741381e-17, 9.51296665e-18,
        7.11203108e-18, 5.82182454e-18, 4.01560164e-18, 3.82202235e-18,
        3.39111357e-18, 3.16952388e-18],
       [3.60852513e-17, 2.05702530e-17, 1.23741381e-17, 9.51296913e-18,
        7.11203108e-18, 5.82182454e-18, 4.01560164e-18, 3.82202400e-18,
        3.39111357e-18, 3.16952388e-18],
       [3.60852513e-17, 2.05702530e-17, 1.23741381e-17, 9.51296913e-18,
        7.11203108e-18, 5.82182454e-18, 4.01560164e-18, 3.82202400e-18,
        3.39111357e-18, 3.16952388e-18],
       [3.60852513e-17, 2.05702530e-17, 1.23741381e-17, 9.51296913e-18,
        7.11203108e-18, 5.82182454e-18, 4.01560164e-18, 3.82202400e-18,
        3.39111357e-18, 3.16952388e-18]])
