Number of nonzeros in summed over size:  811 torch.Size([1002])
10 k: 10
10 k: 10
10 k: 10
10 k: 10
20 k: 20
20 k: 20
20 k: 20
20 k: 20
30 k: 30
30 k: 30
30 k: 30
30 k: 30
40 k: 40
40 k: 40
40 k: 40
40 k: 40
50 k: 50
50 k: 50
50 k: 50
50 k: 50
60 k: 60
60 k: 60
60 k: 60
60 k: 60
70 k: 70
70 k: 70
70 k: 70
70 k: 70
80 k: 80
80 k: 80
80 k: 80
80 k: 80
90 k: 90
90 k: 90
90 k: 90
90 k: 90
100 k: 100
100 k: 100
100 k: 100
100 k: 100
On ['../../datafiles/accumulatedVs0.torch', '../../datafiles/accumulatedVs1.torch', '../../datafiles/accumulatedVs2.torch', '../../datafiles/accumulatedVs3.torch']
k Values = [10, 20, 30, 40, 50, 60, 70, 80, 90, 100]

 CSVec: index accuracy = array([1.        , 0.85      , 0.93333333, 0.95      , 0.98      ,
       0.95      , 0.97142857, 0.9375    , 0.94444444, 0.92      ])
CSVec: median L1 reconstruction error = array([7.62442323e-06, 6.36727418e-06, 5.62602418e-06, 5.20969752e-06,
       4.71223575e-06, 4.21001687e-06, 4.02401292e-06, 3.79952780e-06,
       3.52036386e-06, 2.75384036e-06])
CSVec: median L2 reconstruction error = array([[5.81318292e-11, 4.05421807e-11, 3.16521566e-11, 2.70831361e-11,
        2.22051665e-11, 1.77242422e-11, 1.61926809e-11, 1.44364113e-11,
        1.26950048e-11, 7.56102472e-12],
       [5.81318292e-11, 4.05421807e-11, 3.16521566e-11, 2.70831361e-11,
        2.22051665e-11, 1.77242422e-11, 1.61926809e-11, 1.44364113e-11,
        1.26950048e-11, 7.58363684e-12],
       [5.81318292e-11, 4.05421807e-11, 3.16521497e-11, 2.70831361e-11,
        2.22051665e-11, 1.77242422e-11, 1.61926809e-11, 1.36072993e-11,
        1.23929617e-11, 7.58363684e-12],
       [5.81318292e-11, 4.05421807e-11, 3.16521497e-11, 2.71409475e-11,
        2.22051665e-11, 1.77242335e-11, 1.61926809e-11, 1.38188801e-11,
        1.23929617e-11, 7.58363684e-12]])

 TopHCS: index accuracy = array([[1.        , 0.85      , 0.93333333, 0.95      , 0.98      ,
        0.95      , 0.97142857, 0.9375    , 0.95555556, 0.93      ],
       [1.        , 0.85      , 0.93333333, 0.95      , 0.98      ,
        0.95      , 0.97142857, 0.9375    , 0.94444444, 0.93      ],
       [1.        , 0.85      , 0.93333333, 0.95      , 0.98      ,
        0.95      , 0.97142857, 0.9375    , 0.94444444, 0.93      ],
       [1.        , 0.85      , 0.93333333, 0.95      , 0.98      ,
        0.95      , 0.97142857, 0.9375    , 0.94444444, 0.92      ]])
TopHCS: median L1 reconstruction error = array([[7.62442323e-06, 6.36727418e-06, 5.62602509e-06, 5.20414596e-06,
        4.71223575e-06, 4.21001687e-06, 4.02401292e-06, 3.79952780e-06,
        3.56300507e-06, 2.74973172e-06],
       [7.62442323e-06, 6.36727418e-06, 5.62602509e-06, 5.20414596e-06,
        4.71223575e-06, 4.21001687e-06, 4.02401292e-06, 3.79952780e-06,
        3.56300507e-06, 2.75384036e-06],
       [7.62442323e-06, 6.36727418e-06, 5.62602418e-06, 5.20414596e-06,
        4.71223575e-06, 4.21001687e-06, 4.02401292e-06, 3.68880728e-06,
        3.52036386e-06, 2.75384036e-06],
       [7.62442323e-06, 6.36727418e-06, 5.62602418e-06, 5.20969752e-06,
        4.71223575e-06, 4.21001596e-06, 4.02401292e-06, 3.71737542e-06,
        3.52036386e-06, 2.75384036e-06]])
TopHCS: median L2 reconstruction error = array([[5.81318292e-11, 4.05421807e-11, 3.16521566e-11, 2.70831361e-11,
        2.22051665e-11, 1.77242422e-11, 1.61926809e-11, 1.44364113e-11,
        1.26950048e-11, 7.56102472e-12],
       [5.81318292e-11, 4.05421807e-11, 3.16521566e-11, 2.70831361e-11,
        2.22051665e-11, 1.77242422e-11, 1.61926809e-11, 1.44364113e-11,
        1.26950048e-11, 7.58363684e-12],
       [5.81318292e-11, 4.05421807e-11, 3.16521497e-11, 2.70831361e-11,
        2.22051665e-11, 1.77242422e-11, 1.61926809e-11, 1.36072993e-11,
        1.23929617e-11, 7.58363684e-12],
       [5.81318292e-11, 4.05421807e-11, 3.16521497e-11, 2.71409475e-11,
        2.22051665e-11, 1.77242335e-11, 1.61926809e-11, 1.38188801e-11,
        1.23929617e-11, 7.58363684e-12]])
Number of nonzeros in summed over size:  811 torch.Size([1002])
10 k: 10
10 k: 10
10 k: 10
10 k: 10
20 k: 20
20 k: 20
20 k: 20
20 k: 20
30 k: 30
30 k: 30
30 k: 30
30 k: 30
40 k: 40
40 k: 40
40 k: 40
40 k: 40
50 k: 50
50 k: 50
50 k: 50
50 k: 50
60 k: 60
60 k: 60
60 k: 60
60 k: 60
70 k: 70
70 k: 70
70 k: 70
70 k: 70
80 k: 80
80 k: 80
80 k: 80
80 k: 80
90 k: 90
90 k: 90
90 k: 90
90 k: 90
100 k: 100
100 k: 100
100 k: 100
100 k: 100
On ['../../datafiles/accumulatedVs0.torch', '../../datafiles/accumulatedVs1.torch', '../../datafiles/accumulatedVs2.torch', '../../datafiles/accumulatedVs3.torch']
k Values = [10, 20, 30, 40, 50, 60, 70, 80, 90, 100]

 CSVec: index accuracy = array([1.        , 0.85      , 0.93333333, 0.975     , 0.98      ,
       0.95      , 0.97142857, 0.9375    , 0.95555556, 0.93      ])
CSVec: median L1 reconstruction error = array([7.57246016e-06, 6.41305633e-06, 5.61382421e-06, 5.20969752e-06,
       4.71223575e-06, 4.21001687e-06, 3.89695879e-06, 3.79952780e-06,
       3.52036386e-06, 2.74973172e-06])
CSVec: median L2 reconstruction error = array([[5.73421519e-11, 4.11272925e-11, 3.15150232e-11, 2.71409475e-11,
        2.22051665e-11, 1.77242422e-11, 1.51862880e-11, 1.44364113e-11,
        1.23929617e-11, 7.56102472e-12],
       [5.73421519e-11, 4.11272925e-11, 3.15150232e-11, 2.71409475e-11,
        2.22051665e-11, 1.77242422e-11, 1.51862880e-11, 1.44364113e-11,
        1.23929617e-11, 7.56102472e-12],
       [5.73421519e-11, 4.11272925e-11, 3.15150232e-11, 2.71409475e-11,
        2.22051665e-11, 1.77242422e-11, 1.51862880e-11, 1.44364113e-11,
        1.23929617e-11, 7.56102472e-12],
       [5.73421519e-11, 4.11272925e-11, 3.15150232e-11, 2.71409475e-11,
        2.22051665e-11, 1.77242335e-11, 1.51862880e-11, 1.44364113e-11,
        1.23929617e-11, 7.56102472e-12]])

 TopHCS: index accuracy = array([[1.        , 0.85      , 0.93333333, 0.975     , 0.98      ,
        0.95      , 0.97142857, 0.9375    , 0.95555556, 0.93      ],
       [1.        , 0.85      , 0.93333333, 0.975     , 0.98      ,
        0.95      , 0.97142857, 0.9375    , 0.95555556, 0.93      ],
       [1.        , 0.85      , 0.93333333, 0.975     , 0.98      ,
        0.95      , 0.97142857, 0.9375    , 0.95555556, 0.93      ],
       [1.        , 0.85      , 0.93333333, 0.975     , 0.98      ,
        0.95      , 0.97142857, 0.9375    , 0.95555556, 0.93      ]])
TopHCS: median L1 reconstruction error = array([[7.57246016e-06, 6.41305633e-06, 5.61382421e-06, 5.20969752e-06,
        4.71223575e-06, 4.21001687e-06, 3.89695879e-06, 3.79952780e-06,
        3.52036386e-06, 2.74973172e-06],
       [7.57246016e-06, 6.41305633e-06, 5.61382421e-06, 5.20969752e-06,
        4.71223575e-06, 4.21001687e-06, 3.89695879e-06, 3.79952780e-06,
        3.52036386e-06, 2.74973172e-06],
       [7.57246016e-06, 6.41305633e-06, 5.61382421e-06, 5.20969752e-06,
        4.71223575e-06, 4.21001687e-06, 3.89695879e-06, 3.79952780e-06,
        3.52036386e-06, 2.74973172e-06],
       [7.57246016e-06, 6.41305633e-06, 5.61382421e-06, 5.20969752e-06,
        4.71223575e-06, 4.21001596e-06, 3.89695879e-06, 3.79952780e-06,
        3.52036386e-06, 2.74973172e-06]])
TopHCS: median L2 reconstruction error = array([[5.73421519e-11, 4.11272925e-11, 3.15150232e-11, 2.71409475e-11,
        2.22051665e-11, 1.77242422e-11, 1.51862880e-11, 1.44364113e-11,
        1.23929617e-11, 7.56102472e-12],
       [5.73421519e-11, 4.11272925e-11, 3.15150232e-11, 2.71409475e-11,
        2.22051665e-11, 1.77242422e-11, 1.51862880e-11, 1.44364113e-11,
        1.23929617e-11, 7.56102472e-12],
       [5.73421519e-11, 4.11272925e-11, 3.15150232e-11, 2.71409475e-11,
        2.22051665e-11, 1.77242422e-11, 1.51862880e-11, 1.44364113e-11,
        1.23929617e-11, 7.56102472e-12],
       [5.73421519e-11, 4.11272925e-11, 3.15150232e-11, 2.71409475e-11,
        2.22051665e-11, 1.77242335e-11, 1.51862880e-11, 1.44364113e-11,
        1.23929617e-11, 7.56102472e-12]])
Number of nonzeros in summed over size:  811 torch.Size([1002])
10 k: 10
10 k: 10
10 k: 10
10 k: 10
20 k: 20
20 k: 20
20 k: 20
20 k: 20
30 k: 30
30 k: 30
30 k: 30
30 k: 30
40 k: 40
40 k: 40
40 k: 40
40 k: 40
50 k: 50
50 k: 50
50 k: 50
50 k: 50
60 k: 60
60 k: 60
60 k: 60
60 k: 60
70 k: 70
70 k: 70
70 k: 70
70 k: 70
80 k: 80
80 k: 80
80 k: 80
80 k: 80
90 k: 90
90 k: 90
90 k: 90
90 k: 90
100 k: 100
100 k: 100
100 k: 100
100 k: 100
On ['../../datafiles/accumulatedVs0.torch', '../../datafiles/accumulatedVs1.torch', '../../datafiles/accumulatedVs2.torch', '../../datafiles/accumulatedVs3.torch']
k Values = [10, 20, 30, 40, 50, 60, 70, 80, 90, 100]

 CSVec: index accuracy = array([1.        , 0.85      , 0.93333333, 0.975     , 0.98      ,
       0.95      , 0.97142857, 0.9375    , 0.95555556, 0.93      ])
CSVec: median L1 reconstruction error = array([7.57246016e-06, 6.41305633e-06, 5.61382421e-06, 5.20969752e-06,
       4.71223575e-06, 4.21001687e-06, 3.89695879e-06, 3.79952780e-06,
       3.52036386e-06, 2.74973172e-06])
CSVec: median L2 reconstruction error = array([[5.73421519e-11, 4.11272925e-11, 3.15150232e-11, 2.71409475e-11,
        2.22051665e-11, 1.77242422e-11, 1.51862880e-11, 1.44364113e-11,
        1.23929617e-11, 7.56102472e-12],
       [5.73421519e-11, 4.11272925e-11, 3.15150232e-11, 2.71409475e-11,
        2.22051665e-11, 1.77242422e-11, 1.51862880e-11, 1.44364113e-11,
        1.23929617e-11, 7.56102472e-12],
       [5.73421519e-11, 4.11272925e-11, 3.15150232e-11, 2.71409475e-11,
        2.22051665e-11, 1.77242422e-11, 1.51862880e-11, 1.44364113e-11,
        1.23929617e-11, 7.56102472e-12],
       [5.73421519e-11, 4.11272925e-11, 3.15150232e-11, 2.71409475e-11,
        2.22051665e-11, 1.77242335e-11, 1.51862880e-11, 1.44364113e-11,
        1.23929617e-11, 7.56102472e-12]])

 TopHCS: index accuracy = array([[1.        , 0.85      , 0.93333333, 0.975     , 0.98      ,
        0.95      , 0.97142857, 0.9375    , 0.95555556, 0.93      ],
       [1.        , 0.85      , 0.93333333, 0.975     , 0.98      ,
        0.95      , 0.97142857, 0.9375    , 0.95555556, 0.93      ],
       [1.        , 0.85      , 0.93333333, 0.975     , 0.98      ,
        0.95      , 0.97142857, 0.9375    , 0.95555556, 0.93      ],
       [1.        , 0.85      , 0.93333333, 0.975     , 0.98      ,
        0.95      , 0.97142857, 0.9375    , 0.95555556, 0.93      ]])
TopHCS: median L1 reconstruction error = array([[7.57246016e-06, 6.41305633e-06, 5.61382421e-06, 5.20969752e-06,
        4.71223575e-06, 4.21001687e-06, 3.89695879e-06, 3.79952780e-06,
        3.52036386e-06, 2.74973172e-06],
       [7.57246016e-06, 6.41305633e-06, 5.61382421e-06, 5.20969752e-06,
        4.71223575e-06, 4.21001687e-06, 3.89695879e-06, 3.79952780e-06,
        3.52036386e-06, 2.74973172e-06],
       [7.57246016e-06, 6.41305633e-06, 5.61382421e-06, 5.20969752e-06,
        4.71223575e-06, 4.21001687e-06, 3.89695879e-06, 3.79952780e-06,
        3.52036386e-06, 2.74973172e-06],
       [7.57246016e-06, 6.41305633e-06, 5.61382421e-06, 5.20969752e-06,
        4.71223575e-06, 4.21001596e-06, 3.89695879e-06, 3.79952780e-06,
        3.52036386e-06, 2.74973172e-06]])
TopHCS: median L2 reconstruction error = array([[5.73421519e-11, 4.11272925e-11, 3.15150232e-11, 2.71409475e-11,
        2.22051665e-11, 1.77242422e-11, 1.51862880e-11, 1.44364113e-11,
        1.23929617e-11, 7.56102472e-12],
       [5.73421519e-11, 4.11272925e-11, 3.15150232e-11, 2.71409475e-11,
        2.22051665e-11, 1.77242422e-11, 1.51862880e-11, 1.44364113e-11,
        1.23929617e-11, 7.56102472e-12],
       [5.73421519e-11, 4.11272925e-11, 3.15150232e-11, 2.71409475e-11,
        2.22051665e-11, 1.77242422e-11, 1.51862880e-11, 1.44364113e-11,
        1.23929617e-11, 7.56102472e-12],
       [5.73421519e-11, 4.11272925e-11, 3.15150232e-11, 2.71409475e-11,
        2.22051665e-11, 1.77242335e-11, 1.51862880e-11, 1.44364113e-11,
        1.23929617e-11, 7.56102472e-12]])
Number of nonzeros in summed over size:  811 torch.Size([1002])
10 k: 10
10 k: 10
10 k: 10
10 k: 10
20 k: 20
20 k: 20
20 k: 20
20 k: 20
30 k: 30
30 k: 30
30 k: 30
30 k: 30
40 k: 40
40 k: 40
40 k: 40
40 k: 40
50 k: 50
50 k: 50
50 k: 50
50 k: 50
60 k: 60
60 k: 60
60 k: 60
60 k: 60
70 k: 70
70 k: 70
70 k: 70
70 k: 70
80 k: 80
80 k: 80
80 k: 80
80 k: 80
90 k: 90
90 k: 90
90 k: 90
90 k: 90
100 k: 100
100 k: 100
100 k: 100
100 k: 100
On ['../../datafiles/accumulatedVs0.torch', '../../datafiles/accumulatedVs1.torch', '../../datafiles/accumulatedVs2.torch', '../../datafiles/accumulatedVs3.torch']
k Values = [10, 20, 30, 40, 50, 60, 70, 80, 90, 100]

 CSVec: index accuracy = array([1.        , 0.85      , 0.93333333, 0.975     , 0.98      ,
       0.95      , 0.97142857, 0.9375    , 0.95555556, 0.93      ])
CSVec: median L1 reconstruction error = array([7.57246016e-06, 6.41305633e-06, 5.61382421e-06, 5.20969752e-06,
       4.71223575e-06, 4.21001687e-06, 3.89695879e-06, 3.79952780e-06,
       3.52036386e-06, 2.74973172e-06])
CSVec: median L2 reconstruction error = array([[5.73421519e-11, 4.11272925e-11, 3.15150232e-11, 2.71409475e-11,
        2.22051665e-11, 1.77242422e-11, 1.51862880e-11, 1.44364113e-11,
        1.23929617e-11, 7.56102472e-12],
       [5.73421519e-11, 4.11272925e-11, 3.15150232e-11, 2.71409475e-11,
        2.22051665e-11, 1.77242422e-11, 1.51862880e-11, 1.44364113e-11,
        1.23929617e-11, 7.56102472e-12],
       [5.73421519e-11, 4.11272925e-11, 3.15150232e-11, 2.71409475e-11,
        2.22051665e-11, 1.77242422e-11, 1.51862880e-11, 1.44364113e-11,
        1.23929617e-11, 7.56102472e-12],
       [5.73421519e-11, 4.11272925e-11, 3.15150232e-11, 2.71409475e-11,
        2.22051665e-11, 1.77242335e-11, 1.51862880e-11, 1.44364113e-11,
        1.23929617e-11, 7.56102472e-12]])

 TopHCS: index accuracy = array([[1.        , 0.85      , 0.93333333, 0.975     , 0.98      ,
        0.95      , 0.97142857, 0.9375    , 0.95555556, 0.93      ],
       [1.        , 0.85      , 0.93333333, 0.975     , 0.98      ,
        0.95      , 0.97142857, 0.9375    , 0.95555556, 0.93      ],
       [1.        , 0.85      , 0.93333333, 0.975     , 0.98      ,
        0.95      , 0.97142857, 0.9375    , 0.95555556, 0.93      ],
       [1.        , 0.85      , 0.93333333, 0.975     , 0.98      ,
        0.95      , 0.97142857, 0.9375    , 0.95555556, 0.93      ]])
TopHCS: median L1 reconstruction error = array([[7.57246016e-06, 6.41305633e-06, 5.61382421e-06, 5.20969752e-06,
        4.71223575e-06, 4.21001687e-06, 3.89695879e-06, 3.79952780e-06,
        3.52036386e-06, 2.74973172e-06],
       [7.57246016e-06, 6.41305633e-06, 5.61382421e-06, 5.20969752e-06,
        4.71223575e-06, 4.21001687e-06, 3.89695879e-06, 3.79952780e-06,
        3.52036386e-06, 2.74973172e-06],
       [7.57246016e-06, 6.41305633e-06, 5.61382421e-06, 5.20969752e-06,
        4.71223575e-06, 4.21001687e-06, 3.89695879e-06, 3.79952780e-06,
        3.52036386e-06, 2.74973172e-06],
       [7.57246016e-06, 6.41305633e-06, 5.61382421e-06, 5.20969752e-06,
        4.71223575e-06, 4.21001596e-06, 3.89695879e-06, 3.79952780e-06,
        3.52036386e-06, 2.74973172e-06]])
TopHCS: median L2 reconstruction error = array([[5.73421519e-11, 4.11272925e-11, 3.15150232e-11, 2.71409475e-11,
        2.22051665e-11, 1.77242422e-11, 1.51862880e-11, 1.44364113e-11,
        1.23929617e-11, 7.56102472e-12],
       [5.73421519e-11, 4.11272925e-11, 3.15150232e-11, 2.71409475e-11,
        2.22051665e-11, 1.77242422e-11, 1.51862880e-11, 1.44364113e-11,
        1.23929617e-11, 7.56102472e-12],
       [5.73421519e-11, 4.11272925e-11, 3.15150232e-11, 2.71409475e-11,
        2.22051665e-11, 1.77242422e-11, 1.51862880e-11, 1.44364113e-11,
        1.23929617e-11, 7.56102472e-12],
       [5.73421519e-11, 4.11272925e-11, 3.15150232e-11, 2.71409475e-11,
        2.22051665e-11, 1.77242335e-11, 1.51862880e-11, 1.44364113e-11,
        1.23929617e-11, 7.56102472e-12]])
