On ['../../datafiles/initialVs0.torch', '../../datafiles/initialVs1.torch', '../../datafiles/initialVs2.torch', '../../datafiles/initialVs3.torch']
k Values = [50000, 100000, 150000, 200000, 250000, 500000]

 CSVec: index accuracy = array([0.46922   , 0.30832   , 0.24605333, 0.2123    , 0.191632  ,
       0.14597   ])
CSVec: median L1 reconstruction error = array([4.29098321e-08, 3.96003124e-08, 3.79228950e-08, 3.67482258e-08,
       3.58662469e-08, 3.31542260e-08])
CSVec: median L2 reconstruction error = array([[1.49314650e-15, 1.16526852e-15, 1.00100501e-15, 8.90724707e-16,
        8.09347922e-16, 5.71599803e-16],
       [1.52995390e-15, 1.20519543e-15, 1.04482880e-15, 9.38271842e-16,
        8.56702093e-16, 6.22417121e-16],
       [1.57511176e-15, 1.25687884e-15, 1.10104659e-15, 9.96283329e-16,
        9.18384568e-16, 6.88246880e-16],
       [1.65550504e-15, 1.33257616e-15, 1.18010568e-15, 1.07964609e-15,
        1.00500226e-15, 7.83575039e-16]])

 TopHCS: index accuracy = array([[0.53648   , 0.38855   , 0.33435333, 0.306575  , 0.291196  ,
        0.266922  ],
       [0.52782   , 0.37826   , 0.32271333, 0.29362   , 0.276936  ,
        0.247158  ],
       [0.51742   , 0.3673    , 0.30828   , 0.278355  , 0.261372  ,
        0.225474  ],
       [0.5012    , 0.35097   , 0.29158   , 0.25983   , 0.239856  ,
        0.200588  ]])
TopHCS: median L1 reconstruction error = array([[3.86412538e-08, 3.41360291e-08, 3.16386632e-08, 2.98450118e-08,
        2.84490405e-08, 2.39081537e-08],
       [3.91146244e-08, 3.47159244e-08, 3.23238112e-08, 3.06312238e-08,
        2.92694740e-08, 2.49482888e-08],
       [3.96876771e-08, 3.54524872e-08, 3.31820225e-08, 3.15639568e-08,
        3.03048608e-08, 2.62344599e-08],
       [4.06878975e-08, 3.65044670e-08, 3.43526665e-08, 3.28579688e-08,
        3.17017701e-08, 2.79924102e-08]])
TopHCS: median L2 reconstruction error = array([[1.49314650e-15, 1.16526852e-15, 1.00100501e-15, 8.90724707e-16,
        8.09347922e-16, 5.71599803e-16],
       [1.52995390e-15, 1.20519543e-15, 1.04482880e-15, 9.38271842e-16,
        8.56702093e-16, 6.22417121e-16],
       [1.57511176e-15, 1.25687884e-15, 1.10104659e-15, 9.96283329e-16,
        9.18384568e-16, 6.88246880e-16],
       [1.65550504e-15, 1.33257616e-15, 1.18010568e-15, 1.07964609e-15,
        1.00500226e-15, 7.83575039e-16]])
On ['../../datafiles/accumulatedVs0.torch', '../../datafiles/accumulatedVs1.torch', '../../datafiles/accumulatedVs2.torch', '../../datafiles/accumulatedVs3.torch']
k Values = [50000, 100000, 150000, 200000, 250000, 500000]

 CSVec: index accuracy = array([0.11088   , 0.10444   , 0.10117333, 0.100035  , 0.098984  ,
       0.096956  ])
CSVec: median L1 reconstruction error = array([6.16572652e-05, 5.81078239e-05, 5.60484405e-05, 5.45297007e-05,
       5.33581697e-05, 4.96277426e-05])
CSVec: median L2 reconstruction error = array([[3.48967744e-09, 2.94411673e-09, 2.61182498e-09, 2.37522757e-09,
        2.19017604e-09, 1.62015423e-09],
       [3.54655905e-09, 3.01615177e-09, 2.70106670e-09, 2.47121146e-09,
        2.29443442e-09, 1.74088288e-09],
       [3.60914809e-09, 3.10183368e-09, 2.80248669e-09, 2.58512189e-09,
        2.41696241e-09, 1.88795779e-09],
       [3.68484199e-09, 3.20917337e-09, 2.92700819e-09, 2.72768785e-09,
        2.57286104e-09, 2.08664819e-09]])

 TopHCS: index accuracy = array([[0.12596   , 0.12946   , 0.13256667, 0.13615   , 0.14082   ,
        0.159618  ],
       [0.12344   , 0.1239    , 0.12696667, 0.12943   , 0.132272  ,
        0.14708   ],
       [0.11994   , 0.11824   , 0.12026667, 0.122065  , 0.123872  ,
        0.133506  ],
       [0.11548   , 0.11286   , 0.11318667, 0.11323   , 0.1138    ,
        0.118578  ]])
TopHCS: median L1 reconstruction error = array([[5.90734926e-05, 5.42597154e-05, 5.11060171e-05, 4.87363068e-05,
        4.67993159e-05, 4.02511396e-05],
       [5.95529928e-05, 5.49195029e-05, 5.19717869e-05, 4.97112815e-05,
        4.79002556e-05, 4.17238880e-05],
       [6.00761850e-05, 5.56941086e-05, 5.29385179e-05, 5.08440935e-05,
        4.91626124e-05, 4.34506364e-05],
       [6.07028996e-05, 5.66495655e-05, 5.41018308e-05, 5.22272712e-05,
        5.07233781e-05, 4.56798443e-05]])
TopHCS: median L2 reconstruction error = array([[3.48967744e-09, 2.94411673e-09, 2.61182498e-09, 2.37522757e-09,
        2.19017604e-09, 1.62015423e-09],
       [3.54655905e-09, 3.01615177e-09, 2.70106670e-09, 2.47121146e-09,
        2.29443442e-09, 1.74088288e-09],
       [3.60914809e-09, 3.10183368e-09, 2.80248669e-09, 2.58512189e-09,
        2.41696241e-09, 1.88795779e-09],
       [3.68484199e-09, 3.20917337e-09, 2.92700819e-09, 2.72768785e-09,
        2.57286104e-09, 2.08664819e-09]])
