On ['../../datafiles/initialVs0.torch', '../../datafiles/initialVs1.torch', '../../datafiles/initialVs2.torch', '../../datafiles/initialVs3.torch']
k Values = [50000, 100000, 150000, 200000, 250000, 500000]

 CSVec: index accuracy = array([0.30818   , 0.18555   , 0.14119333, 0.118905  , 0.105136  ,
       0.078004  ])
CSVec: sum L1 reconstruction error = array([0.00349089, 0.00621087, 0.00879495, 0.01128978, 0.01371789,
       0.02519635])
CSVec: sum L2 reconstruction error = array([[3.59378194e-10, 4.47280740e-10, 5.17314247e-10, 5.75325565e-10,
        6.25211660e-10, 7.98422328e-10],
       [3.62983588e-10, 4.56152227e-10, 5.31163225e-10, 5.95131500e-10,
        6.50577425e-10, 8.53418003e-10],
       [3.67478714e-10, 4.66510830e-10, 5.48950274e-10, 6.19727603e-10,
        6.83151924e-10, 9.23607413e-10],
       [3.75840192e-10, 4.82426710e-10, 5.73968484e-10, 6.55209997e-10,
        7.29209193e-10, 1.02685094e-09]])

 TopHCS: index accuracy = array([[0.3713    , 0.24426   , 0.19865333, 0.17714   , 0.165136  ,
        0.146956  ],
       [0.36518   , 0.23718   , 0.19233333, 0.169695  , 0.156632  ,
        0.135702  ],
       [0.35868   , 0.23039   , 0.18413333, 0.16168   , 0.147884  ,
        0.123724  ],
       [0.3461    , 0.22063   , 0.17458   , 0.15116   , 0.13686   ,
        0.110164  ]])
TopHCS: sum L1 reconstruction error = array([[0.00304647, 0.00513958, 0.00702093, 0.00874372, 0.01034831,
        0.01715606],
       [0.00308269, 0.00523594, 0.00718031, 0.00898367, 0.01067154,
        0.01796715],
       [0.00312702, 0.00534481, 0.00737891, 0.00927144, 0.01106742,
        0.0189493 ],
       [0.00320806, 0.0055092 , 0.00764854, 0.00966896, 0.0116016 ,
        0.02030407]])
TopHCS: sum L2 reconstruction error = array([[3.59378194e-10, 4.47280740e-10, 5.17314247e-10, 5.75325565e-10,
        6.25211660e-10, 7.98422328e-10],
       [3.62983588e-10, 4.56152227e-10, 5.31163225e-10, 5.95131500e-10,
        6.50577425e-10, 8.53418003e-10],
       [3.67478714e-10, 4.66510830e-10, 5.48950274e-10, 6.19727603e-10,
        6.83151924e-10, 9.23607413e-10],
       [3.75840192e-10, 4.82426710e-10, 5.73968484e-10, 6.55209997e-10,
        7.29209193e-10, 1.02685094e-09]])
On ['../../datafiles/accumulatedVs0.torch', '../../datafiles/accumulatedVs1.torch', '../../datafiles/accumulatedVs2.torch', '../../datafiles/accumulatedVs3.torch']
k Values = [50000, 100000, 150000, 200000, 250000, 500000]

 CSVec: index accuracy = array([0.03662   , 0.03755   , 0.03866667, 0.039065  , 0.040144  ,
       0.044038  ])
CSVec: sum L1 reconstruction error = array([ 4.26955557,  8.1316328 , 11.82287979, 15.39926338, 18.88537598,
       35.43520355])
CSVec: sum L2 reconstruction error = array([[0.00033299, 0.00056863, 0.00076341, 0.00092961, 0.00107657,
        0.00160851],
       [0.00033874, 0.00058502, 0.00079155, 0.00097242, 0.00113256,
        0.00174039],
       [0.00034597, 0.00060472, 0.00082553, 0.00102182, 0.00119931,
        0.00190126],
       [0.00035466, 0.00062826, 0.00086799, 0.00108581, 0.00128547,
        0.00211755]])

 TopHCS: index accuracy = array([[0.0424    , 0.04624   , 0.05034667, 0.05405   , 0.056772  ,
        0.072018  ],
       [0.04154   , 0.0448    , 0.04802   , 0.050735  , 0.053856  ,
        0.065888  ],
       [0.04008   , 0.04277   , 0.04521333, 0.04799   , 0.050136  ,
        0.06035   ],
       [0.0388    , 0.03999   , 0.04194   , 0.04426   , 0.04608   ,
        0.053412  ]])
TopHCS: sum L1 reconstruction error = array([[ 4.06246758,  7.50543642, 10.64752865, 13.56282616, 16.31486893,
        28.16724777],
       [ 4.09773731,  7.61352301, 10.84340858, 13.87435436, 16.73609924,
        29.30900192],
       [ 4.14153862,  7.74155903, 11.07532501, 14.22436428, 17.22565842,
        30.64219284],
       [ 4.19370127,  7.89207935, 11.35860348, 14.66562843, 17.83679199,
        32.34896851]])
TopHCS: sum L2 reconstruction error = array([[0.00033299, 0.00056863, 0.00076341, 0.00092961, 0.00107657,
        0.00160851],
       [0.00033874, 0.00058502, 0.00079155, 0.00097242, 0.00113256,
        0.00174039],
       [0.00034597, 0.00060472, 0.00082553, 0.00102182, 0.00119931,
        0.00190126],
       [0.00035466, 0.00062826, 0.00086799, 0.00108581, 0.00128547,
        0.00211755]])
