On ['../../datafiles/initialVs0.torch', '../../datafiles/initialVs1.torch', '../../datafiles/initialVs2.torch', '../../datafiles/initialVs3.torch']
k Values = [50000, 100000, 150000, 200000, 250000, 500000]

 CSVec: index accuracy = array([0.14304 , 0.0852  , 0.06404 , 0.05324 , 0.0469  , 0.035314])
CSVec: sum L1 reconstruction error = array([0.00720631, 0.01258534, 0.01755532, 0.02228267, 0.02683476,
       0.04797832])
CSVec: sum L2 reconstruction error = array([[5.99489569e-10, 8.60303162e-10, 1.06458475e-09, 1.23525801e-09,
        1.38034362e-09, 1.88525529e-09],
       [6.11343420e-10, 8.87062035e-10, 1.10840603e-09, 1.29501376e-09,
        1.45729540e-09, 2.04514938e-09],
       [6.27544572e-10, 9.21459575e-10, 1.16302312e-09, 1.37217582e-09,
        1.55627922e-09, 2.25481367e-09],
       [6.57294552e-10, 9.73173320e-10, 1.24334099e-09, 1.48281631e-09,
        1.69879422e-09, 2.56460764e-09]])

 TopHCS: index accuracy = array([[0.20782   , 0.12577   , 0.09824667, 0.083745  , 0.075848  ,
        0.063326  ],
       [0.2044    , 0.1226    , 0.09496667, 0.080985  , 0.072948  ,
        0.059588  ],
       [0.2001    , 0.11913   , 0.09162667, 0.07782   , 0.069896  ,
        0.05521   ],
       [0.19342   , 0.11497   , 0.08736667, 0.073515  , 0.065276  ,
        0.050358  ]])
TopHCS: sum L1 reconstruction error = array([[0.00479135, 0.00842213, 0.01166023, 0.01463715, 0.01740115,
        0.0291297 ],
       [0.00485871, 0.00858715, 0.01194748, 0.01505028, 0.01795602,
        0.03048399],
       [0.00494807, 0.0087939 , 0.0122952 , 0.01556489, 0.01864523,
        0.03216953],
       [0.00510607, 0.00909554, 0.01278995, 0.01627421, 0.01959066,
        0.03450512]])
TopHCS: sum L2 reconstruction error = array([[5.99489569e-10, 8.60303162e-10, 1.06458475e-09, 1.23525801e-09,
        1.38034362e-09, 1.88525529e-09],
       [6.11343420e-10, 8.87062035e-10, 1.10840603e-09, 1.29501376e-09,
        1.45729540e-09, 2.04514938e-09],
       [6.27544572e-10, 9.21459575e-10, 1.16302312e-09, 1.37217582e-09,
        1.55627922e-09, 2.25481367e-09],
       [6.57294552e-10, 9.73173320e-10, 1.24334099e-09, 1.48281631e-09,
        1.69879422e-09, 2.56460764e-09]])
On ['../../datafiles/accumulatedVs0.torch', '../../datafiles/accumulatedVs1.torch', '../../datafiles/accumulatedVs2.torch', '../../datafiles/accumulatedVs3.torch']
k Values = [50000, 100000, 150000, 200000, 250000, 500000]

 CSVec: index accuracy = array([0.00728   , 0.00861   , 0.01024667, 0.01151   , 0.012748  ,
       0.017072  ])
CSVec: sum L1 reconstruction error = array([ 7.49177408, 14.19380379, 20.57894897, 26.75185013, 32.76184464,
       61.18930054])
CSVec: sum L2 reconstruction error = array([[0.00101818, 0.00172059, 0.00229982, 0.00279068, 0.00321768,
        0.00477665],
       [0.00103733, 0.00177171, 0.00238342, 0.00291773, 0.00338739,
        0.00515544],
       [0.00105845, 0.00183045, 0.00248502, 0.00306195, 0.00358852,
        0.00562762],
       [0.0010844 , 0.00190341, 0.00261574, 0.0032555 , 0.00384557,
        0.00627424]])

 TopHCS: index accuracy = array([[0.00816   , 0.01064   , 0.01261333, 0.01459   , 0.016396  ,
        0.024212  ],
       [0.00798   , 0.00992   , 0.01210667, 0.013865  , 0.015624  ,
        0.022784  ],
       [0.0077    , 0.00987   , 0.01160667, 0.013295  , 0.014816  ,
        0.021086  ],
       [0.00738   , 0.00933   , 0.01137333, 0.01303   , 0.014068  ,
        0.019458  ]])
TopHCS: sum L1 reconstruction error = array([[ 7.11646986, 13.07641697, 18.51068687, 23.53764343, 28.25052643,
        48.63330841],
       [ 7.18295479, 13.26966763, 18.84332085, 24.06839943, 28.98599243,
        50.52612305],
       [ 7.25570965, 13.48783112, 19.24095154, 24.65509987, 29.83492661,
        52.78681183],
       [ 7.34404469, 13.75406742, 19.74027824, 25.42208862, 30.88460541,
        55.73725128]])
TopHCS: sum L2 reconstruction error = array([[0.00101818, 0.00172059, 0.00229982, 0.00279068, 0.00321768,
        0.00477665],
       [0.00103733, 0.00177171, 0.00238342, 0.00291773, 0.00338739,
        0.00515544],
       [0.00105845, 0.00183045, 0.00248502, 0.00306195, 0.00358852,
        0.00562762],
       [0.0010844 , 0.00190341, 0.00261574, 0.0032555 , 0.00384557,
        0.00627424]])
